Linear Regression	TV	Radio	Newspaper
continuous	continuous	continuous	continuous
meta			
20.524	230.1	37.8	69.2
12.3379	44.5	39.3	45.1
12.3077	17.2	45.9	69.3
17.5978	151.5	41.3	58.5
13.1887	180.8	10.8	58.4
12.4783	8.7	48.9	75
11.7298	57.5	32.8	23.5
12.123	120.2	19.6	11.6
3.72734	8.6	2.1	1
12.5508	199.8	2.6	21.2
7.0323	66.1	5.8	24.2
17.2851	214.7	24	4
10.5771	23.8	35.1	65.9
8.8263	97.5	7.6	7.2
18.4344	204.1	32.9	46
20.8193	195.4	47.7	52.9
12.8237	67.8	36.6	114
23.225	281.4	39.6	55.8
9.95168	69.2	20.5	18.3
14.1661	147.3	23.9	19.1
18.1008	218.4	27.7	53.4
14.7405	237.4	5.1	23.5
6.48915	13.2	15.9	49.6
16.5459	228.3	16.9	26.2
8.14652	62.3	12.6	18.3
15.61	262.9	3.5	19.5
14.9895	142.9	29.3	12.6
17.0517	240.1	16.7	22.9
19.4105	248.8	27.1	22.9
9.14402	70.6	16	40.8
21.6339	292.9	28.3	43.2
11.3461	112.9	17.4	38.6
7.63888	97.2	1.5	30
18.8643	265.6	20	0.3
7.57483	95.7	1.4	7.4
17.0068	290.7	4.1	8.5
23.4059	266.9	43.8	5
15.6235	74.7	49.4	45.7
9.90868	43.1	26.7	35.1
20.4476	228	37.7	32
16.3777	202.5	22.3	31.6
17.296	177	33.4	38.7
21.5958	293.6	27.7	1.8
13.9639	206.9	8.4	26.4
8.88788	25.1	25.7	43.3
15.1615	175.1	22.5	31.5
8.87339	89.7	9.9	35.7
21.7226	239.9	41.5	18.5
16.2636	227.2	15.8	49.9
8.16817	66.9	11.7	36.8
12.6312	199.8	3.1	34.6
9.33981	100.4	9.6	3.6
20.663	216.4	41.7	39.6
19.9447	182.6	46.2	58.7
20.3744	262.7	28.8	15.9
21.2926	198.9	49.4	60
8.52771	7.3	28.1	41.4
12.7746	136.2	19.2	16.6
21.8981	210.8	49.6	37.7
18.1335	210.7	29.5	9.3
5.74216	53.5	2	21.4
22.8907	261.3	42.7	54.7
16.7843	239.3	15.5	27.3
13.2107	102.7	29.6	8.4
16.9777	131.1	42.8	28.9
7.84905	69	9.3	0.9
9.01603	31.5	24.6	2.2
12.037	139.3	14.5	10.2
18.9766	237.4	27.5	11
21.1089	216.8	43.9	27.2
17.7795	199.1	30.6	38.7
10.6269	109.8	14.3	31.7
10.3668	26.8	33	19.3
9.90298	129.4	5.7	31.3
17.3293	213.4	24.6	13.1
11.8583	16.9	43.7	89.4
4.47759	27.5	1.6	20.7
13.8119	120.5	28.5	14.2
8.81331	5.4	29.9	9.4
9.6753	116	7.7	23.1
11.4459	76.4	26.7	22.3
14.6479	239.8	4.1	36.9
10.1784	75.3	20.3	32.5
14.4218	68.4	44.5	35.6
20.7814	213.5	43	33.8
15.1814	193.2	18.4	65.7
11.5987	76.3	27.5	16
15.5938	110.7	40.6	63.2
11.7113	88.3	25.5	73.4
16.9223	109.8	47.8	51.4
9.99923	134.3	4.9	9.3
4.49632	28.6	1.5	33
19.1564	217.7	33.5	59
21.2276	250.9	36.5	72.3
10.4821	107.4	14	10.9
16.3149	163.3	31.6	52.9
12.6357	197.6	3.5	5.9
15.3371	184.9	21	22
24.1186	289.7	42.3	51.2
16.9404	135.2	41.7	45.9
13.876	222.4	4.3	49.8
23.2425	296.4	36.3	100.9
17.6441	280.2	10.1	21.4
14.7622	187.9	17.2	17.9
20.3011	238.2	34.3	5.3
17.9364	137.9	46.4	59
6.12602	25	11	29.7
7.1085	90.4	0.3	23.2
3.58726	13.1	0.4	25.6
19.6929	255.4	26.9	5.5
14.7599	225.8	8.2	56.5
21.1403	241.7	38	23.2
13.8806	175.7	15.4	2.4
16.4038	209.6	20.6	10.7
15.3051	78.2	46.8	34.5
12.9197	75.1	35	52.7
11.9787	139.2	14.3	25.6
6.57078	76.4	0.8	14.8
15.5661	125.7	36.9	79.2
6.82007	19.4	16	22.3
14.4101	141.3	26.8	46.2
7.83808	18.8	21.7	50.4
13.6265	224	2.4	15.6
15.0828	123.1	34.6	12.4
19.4544	229.5	32.3	74.2
9.12735	87.2	11.8	25.9
10.5772	7.8	38.9	50.6
6.59967	80.2	0	9.2
22.2555	220.3	49	3.2
7.88411	59.6	12	43.1
10.4277	0.7	39.6	8.7
15.5778	265.2	2.9	43
8.44915	8.4	27.2	2.1
19.2669	219.8	33.5	45.1
11.8368	36.9	38.6	65.6
14.0014	48.3	47	8.5
11.4535	25.6	39	9.3
20.8513	273.7	28.9	59.7
9.76843	43	25.9	20.5
19.6755	184.9	43.9	1.7
9.48964	73.4	17	12.9
18.399	193.7	35.4	75.6
19.2499	220.5	33.2	37.9
8.7648	104.6	5.7	34.4
10.0913	96.2	14.8	38.9
9.70854	140.3	1.9	9
15.2942	240.1	7.3	8.7
23.2609	243.2	49	44.3
12.2634	38	40.3	11.9
9.82727	44.7	25.8	20.6
18.3672	280.7	13.9	37
10.0095	121	8.4	48.7
16.36	197.6	23.3	14.2
18.2239	171.3	39.7	37.7
15.5016	187.8	21.1	9.5
5.30756	4.1	11.6	5.7
15.3849	93.9	43.5	50.5
10.0143	149.8	1.3	24.3
10.3842	11.7	36.9	45.2
12.3991	131.7	18.4	34.6
14.2138	172.5	18.1	30.7
13.5591	85.7	35.8	49.3
14.9468	188.4	18.1	25.6
17.3516	163.5	36.8	7.4
11.0683	117.2	14.7	5.4
14.2237	234.5	3.4	84.8
10.8244	17.9	37.6	21.6
13.3632	206.8	5.2	19.4
17.1861	215.4	23.6	57.6
17.9416	284.3	10.6	6.4
7.39498	50	11.6	18.4
14.3583	164.5	20.9	47.4
7.60769	19.6	20.1	17
11.9709	168.4	7.1	12.8
13.7444	222.4	3.4	13.1
24.7869	276.9	48.9	41.8
19.9794	248.4	30.2	20.3
12.162	170.2	7.8	35.2
16.011	276.7	2.3	23.7
12.3846	165.6	10	17.6
10.5872	156.6	2.6	8.3
13.9281	218.5	5.4	27.4
6.55467	56.2	5.7	29.7
24.1331	287.6	43	71.8
18.5385	253.8	21.3	30
20.803	205	45.1	19.6
9.69137	139.5	2.1	26.6
17.0764	191.1	28.7	18.2
18.6443	286	13.9	3.7
6.05162	18.7	12.1	23.4
12.4892	39.5	41.1	5.8
8.42402	75.5	10.8	6
4.46623	17.2	4.1	31.6
18.487	166.8	42	3.6
16.4953	149.7	35.6	6
5.37034	38.2	3.7	13.8
8.16531	94.2	4.9	8.1
12.7859	177	9.3	6.4
23.7673	283.6	42	66.2
15.1732	232.1	8.6	8.7
